15.0
15.0
15.0
15.0
15.0
15.0
15.0
15.0
15.0
11.727272727272727
15.0
15.0
15.0
11.727272727272727
11.391304347826088
11.7
10.75
11.545454545454545
11.590909090909092
11.347826086956522
11.636363636363637
6.5675675675675675
12.82857142857143
12.82857142857143
10.318181818181818
16.333333333333332
13.25
11.428571428571429
10.266666666666667
12.82857142857143
12.82857142857143
17.428571428571427
18.0
9.666666666666666
12.4
11.166666666666666
9.785714285714286
15.681818181818182
10.5
12.235294117647058
6.25
9.0
12.0
16.25
12.173913043478262
17.555555555555557
19.22222222222222
9.833333333333334
9.833333333333334
14.580645161290322
15.233333333333333
7.833333333333333
14.533333333333333
17.444444444444443
14.11111111111111
16.94736842105263
9.5
13.529411764705882
8.5
11.5
8.0
8.2
13.842105263157896
14.289473684210526
14.3
15.25
15.25
15.25
10.76923076923077
9.833333333333334
8.875
9.133333333333333
14.0
14.0
16.142857142857142
18.3
16.333333333333332
11.45
11.55
7.4
12.55
9.0
7.636363636363637
13.25
8.732793522267206
9.285714285714286
11.894736842105264
11.6
13.166666666666666
13.636363636363637
12.676470588235293
10.333333333333334
13.88888888888889
9.833333333333334
11.947368421052632
23.0
33.0
10.166666666666666
12.666666666666666
14.0
14.14
6.833333333333333
11.26
15.333333333333334
12.428571428571429
20.0
12.157894736842104
20.0
12.9
12.642857142857142
28.666666666666668
13.875
12.857142857142858
12.882352941176471
10.176470588235293
10.75
11.0
10.25
14.142857142857142
8.2
9.304347826086957
13.85
11.0
14.705882352941176
19.5
14.1875
13.6875
8.464285714285714
33.0
13.85
31.5
10.8
12.31578947368421
12.619047619047619
12.98360655737705
10.615384615384615
5.827586206896552
13.486486486486486
8.785714285714286
5.0
13.745519713261649
5.774193548387097
8.283582089552239
14.45
12.31578947368421
10.666666666666666
12.857142857142858
5.0
14.333333333333334
11.0
11.533333333333333
8.475
15.428571428571429
9.722222222222221
10.941176470588236
14.375
9.235294117647058
17.071428571428573
12.857142857142858
8.333333333333334
19.5
9.68
9.0
15.296296296296296
16.75862068965517
11.268292682926829
12.825
22.142857142857142
13.2
10.0
10.818181818181818
9.466666666666667
10.423076923076923
13.7
12.210526315789474
8.75
13.210526315789474
16.75
11.666666666666666
10.114285714285714
14.0
11.62962962962963
14.0
10.11111111111111
9.8
13.142857142857142
10.5
12.0
9.275
12.25
15.347826086956522
11.291666666666666
11.023255813953488
9.285714285714286
11.659574468085106
12.045454545454545
11.166666666666666
10.0
10.05
9.431034482758621
14.0
9.794871794871796
7.75
14.5
19.166666666666668
15.833333333333334
24.0
14.375
25.0
15.666666666666666
10.142857142857142
19.166666666666668
12.125
9.1875
10.73469387755102
7.8
9.25
8.735294117647058
8.823529411764707
8.764705882352942
14.03125
9.347826086956522
9.916666666666666
15.176470588235293
12.16
13.0
9.833333333333334
8.142857142857142
11.11111111111111
12.833333333333334
8.857142857142858
9.05
8.8
10.214285714285714
10.538461538461538
10.666666666666666
7.833333333333333
5.666666666666667
13.055555555555555
13.5
7.666666666666667
14.166666666666666
10.666666666666666
11.55
11.142857142857142
11.5
9.615384615384615
4.0
5.5
10.9
11.494252873563218
14.166666666666666
11.4
11.55
11.5
12.333333333333334
12.333333333333334
11.357142857142858
11.846153846153847
13.75
12.170454545454545
12.0
10.0
8.823529411764707
8.882352941176471
8.941176470588236
12.0
8.882352941176471
8.882352941176471
8.882352941176471
14.647058823529411
11.75
17.0
8.882352941176471
11.285714285714286
8.7
8.789473684210526
20.6
9.6
12.375
9.529411764705882
7.571428571428571
12.68452380952381
15.5
16.333333333333332
9.0
9.545454545454545
9.545454545454545
10.833333333333334
10.666666666666666
13.32258064516129
14.9375
12.878787878787879
8.882352941176471
9.75
16.75
10.285714285714286
9.35135135135135
14.4
11.875
11.964285714285714
9.285714285714286
12.782608695652174
12.909090909090908
8.375
10.428571428571429
10.0
9.6
16.0
10.6
8.76923076923077
14.5
10.0
10.0
8.5
14.125
6.333333333333333
7.0
10.705882352941176
9.846153846153847
13.0
9.142857142857142
11.75
9.5
8.35
11.5
10.8
31.666666666666668
10.285714285714286
9.482954545454545
11.277777777777779
12.518518518518519
11.944444444444445
7.25
11.421052631578947
19.0
12.76923076923077
7.84375
8.161290322580646
7.705882352941177
12.583333333333334
11.833333333333334
11.916666666666666
7.75
10.957446808510639
13.105263157894736
8.344827586206897
8.375
14.0625
19.0
6.076923076923077
12.6
9.433734939759036
11.76595744680851
10.0
8.0
9.833333333333334
9.033755274261603
17.75
8.648148148148149
14.516129032258064
14.09375
24.2
13.545454545454545
15.6
14.875
12.0
12.076923076923077
11.0
11.166666666666666
12.285714285714286
12.25
21.0
10.278884462151394
13.91304347826087
12.933333333333334
10.324
13.541666666666666
10.5
10.166666666666666
14.333333333333334
7.75
10.2
10.2
8.25
12.95
11.5
9.4
12.717948717948717
13.405405405405405
13.131578947368421
8.666666666666666
10.75
11.3
11.68
10.422222222222222
13.265822784810126
6.9
7.0
11.5
9.454545454545455
10.0
9.25531914893617
14.894736842105264
13.083333333333334
12.11111111111111
11.25
8.8
9.8
10.571428571428571
10.8
11.9375
12.428571428571429
10.0
10.5
11.0
12.0
13.5625
12.0
13.5
19.6
19.6
12.38888888888889
24.0
24.0
24.0
10.473684210526315
8.2
24.0
24.0
24.0
24.0
11.666666666666666
8.875
11.142857142857142
10.964285714285714
10.928571428571429
11.214285714285714
12.333333333333334
15.666666666666666
10.23076923076923
10.894736842105264
8.8
13.0625
10.416666666666666
15.333333333333334
10.555555555555555
9.333333333333334
9.25
9.25
10.894736842105264
10.35
9.444444444444445
9.785714285714286
9.921052631578947
10.8
27.4375
9.909090909090908
10.636363636363637
8.333333333333334
10.680672268907562
5.0
14.6
11.3
18.2
16.166666666666668
15.875
8.451612903225806
11.833333333333334
12.303030303030303
11.222222222222221
24.0
24.0
24.0
24.0
8.157142857142857
10.052631578947368
10.19140625
11.833333333333334
12.5
11.8125
13.75
13.85
10.8
10.4
10.8
10.4
11.0
12.25
10.2
24.0
24.0
10.222222222222221
11.966666666666667
36.5625
9.833333333333334
11.0
8.469026548672566
11.359788359788359
9.830188679245284
13.416666666666666
11.25
11.25
12.0
5.333333333333333
13.545454545454545
9.666666666666666
10.666666666666666
10.8
18.5
11.2
9.589285714285714
14.909090909090908
10.406593406593407
9.666666666666666
10.0
10.0
9.777777777777779
9.576271186440678
11.0
10.770833333333334
9.553571428571429
10.6
12.317073170731707
12.76923076923077
10.333333333333334
10.333333333333334
11.166666666666666
16.666666666666668
12.666666666666666
13.0
8.0
8.0
13.571428571428571
10.857142857142858
10.857142857142858
11.75
12.023809523809524
15.103896103896103
11.833333333333334
14.117647058823529
14.058823529411764
11.0
13.208333333333334
10.15
11.326530612244898
8.095238095238095
10.787878787878787
11.50943396226415
11.444444444444445
19.05
9.583333333333334
11.142857142857142
16.714285714285715
9.473684210526315
12.0
12.5
16.714285714285715
10.72
10.538461538461538
9.833333333333334
9.421052631578947
9.15
8.456521739130435
7.511111111111111
7.75
7.7555555555555555
8.0
8.023255813953488
7.666666666666667
7.319148936170213
17.25
13.0
13.0
11.341463414634147
11.3
13.914285714285715
12.925925925925926
15.666666666666666
19.75
15.0
12.25
13.125
13.0625
11.625
11.75
14.555555555555555
13.391666666666667
10.375
10.1875
9.74074074074074
9.581818181818182
12.5
16.375
16.375
16.375
16.375
16.49230769230769
9.4
34.0
30.714285714285715
12.666666666666666
12.0
22.833333333333332
12.25
12.4
13.0
11.210526315789474
9.1
10.5
9.0
9.15
9.15
10.727272727272727
11.0
14.058823529411764
12.666666666666666
10.181818181818182
14.777777777777779
15.0
8.25
13.0
14.277777777777779
14.555555555555555
10.833333333333334
14.777777777777779
8.555555555555555
11.428571428571429
8.333333333333334
13.333333333333334
23.8
14.833333333333334
13.444444444444445
9.5
14.125
13.352941176470589
14.25
13.1
10.2
12.6
12.6
12.466666666666667
12.6
13.7
11.566666666666666
16.25
16.5
16.25
10.567164179104477
9.0
11.928571428571429
6.9
10.369565217391305
10.533333333333333
10.521739130434783
10.434782608695652
8.0
10.4
11.5
11.223880597014926
11.225563909774436
9.571428571428571
29.11111111111111
7.642857142857143
13.571428571428571
10.0
16.0
12.578947368421053
16.26086956521739
12.75
15.571428571428571
12.15
14.0
12.142857142857142
14.333333333333334
16.0
11.6
12.142857142857142
9.380952380952381
10.32857142857143
10.337931034482759
14.538461538461538
11.089655172413794
14.96875
15.161290322580646
14.93939393939394
12.3125
14.235294117647058
14.454545454545455
14.575757575757576
14.757575757575758
14.727272727272727
18.666666666666668
12.4375
12.577777777777778
11.375
11.916666666666666
15.285714285714286
15.285714285714286
15.142857142857142
15.285714285714286
15.625
12.75
11.05
10.69047619047619
10.926829268292684
11.05
11.282051282051283
14.8
11.35
10.533333333333333
11.541666666666666
10.875
12.7
15.6
25.4
11.9
13.52
9.4375
17.142857142857142
9.714285714285714
9.526315789473685
11.3125
14.0
8.942857142857143
27.0
11.714285714285714
11.714285714285714
14.0
13.0
12.3
11.476923076923077
10.6
10.222222222222221
12.25
8.941176470588236
10.556701030927835
12.03225806451613
9.0
13.416666666666666
10.934306569343066
11.13953488372093
9.333333333333334
11.25
11.3125
13.476923076923077
13.223880597014926
12.898550724637682
10.434343434343434
11.346153846153847
10.383838383838384
11.6
11.25
9.5
10.571428571428571
10.714285714285714
10.727272727272727
11.19047619047619
11.75
7.0
13.692307692307692
11.181818181818182
12.25
10.564102564102564
14.444444444444445
9.833333333333334
11.5
11.870967741935484
15.28
12.9
12.68421052631579
17.285714285714285
15.285714285714286
12.0
14.928571428571429
19.666666666666668
10.5
9.071428571428571
9.89090909090909
10.0
9.964285714285714
10.875
12.666666666666666
11.2
15.25
11.384615384615385
11.563106796116505
11.13953488372093
14.0
16.75
13.333333333333334
9.84375
9.507462686567164
15.527777777777779
8.666666666666666
8.333333333333334
15.18840579710145
8.333333333333334
15.666666666666666
9.666666666666666
12.041666666666666
15.0
15.25
14.9375
14.875
14.625
15.125
15.0
27.4
11.136363636363637
13.484848484848484
12.342857142857143
13.7
11.5
12.058823529411764
12.35
12.35
13.316666666666666
12.658536585365853
13.923076923076923
12.5
16.857142857142858
15.125
10.59375
14.857142857142858
14.666666666666666
14.526315789473685
14.0
12.3
11.189655172413794
14.375
13.627906976744185
37.55555555555556
12.818181818181818
14.4
14.2
14.3
12.26865671641791
13.875
12.579545454545455
13.625
11.297872340425531
9.166666666666666
11.666666666666666
11.483870967741936
11.833333333333334
11.25
8.875
16.142857142857142
10.5
19.64
10.964285714285714
9.433333333333334
7.666666666666667
12.0
12.0
11.428571428571429
10.612244897959183
24.383333333333333
24.583333333333332
13.25
12.375
13.130434782608695
12.333333333333334
11.722222222222221
13.333333333333334
9.0
19.25
12.56
27.0
25.25
14.25
14.4375
11.128205128205128
11.277777777777779
11.75
12.5
12.87719298245614
12.25
16.16
15.46938775510204
13.962962962962964
11.482142857142858
13.73076923076923
11.928571428571429
14.88888888888889
16.375
15.685714285714285
13.833333333333334
13.583333333333334
11.222222222222221
7.166666666666667
12.5
11.25
13.0
11.714285714285714
11.823529411764707
17.25
10.777777777777779
11.6
8.76595744680851
14.428571428571429
14.847457627118644
11.4
11.153846153846153
12.405405405405405
10.88888888888889
11.659574468085106
15.6
10.962962962962964
14.25
10.443298969072165
11.155555555555555
13.285714285714286
11.545454545454545
14.0
10.461538461538462
11.153846153846153
8.363636363636363
8.8
8.8
10.11111111111111
11.153846153846153
13.153846153846153
12.954545454545455
10.625
13.394736842105264
14.0
13.923076923076923
13.846153846153847
14.583333333333334
9.833333333333334
9.766666666666667
12.6
55.666666666666664
10.75
11.6
13.818181818181818
9.85
9.83
10.75609756097561
9.818181818181818
8.838709677419354
8.934782608695652
8.934782608695652
8.787234042553191
8.645833333333334
8.851063829787234
7.8
12.333333333333334
10.0
12.487804878048781
10.2
13.75
10.6
11.0
10.105263157894736
29.166666666666668
15.0
10.522727272727273
10.4
11.651162790697674
14.0
13.5
13.5
13.5
13.5
13.5
13.5
13.5
13.5
11.291666666666666
10.666666666666666
11.4125
14.226415094339623
14.074074074074074
13.88888888888889
8.975
9.947368421052632
12.68421052631579
12.65
13.833333333333334
9.757009345794392
9.5
11.0
9.5
10.0
10.61111111111111
9.434782608695652
15.848484848484848
17.24
11.621621621621621
10.333333333333334
11.9
9.434782608695652
10.8
10.689655172413794
10.379310344827585
9.98870056497175
18.8
9.285714285714286
21.375
9.0
9.659090909090908
9.9
9.933333333333334
9.833333333333334
12.782608695652174
13.333333333333334
12.64102564102564
11.102564102564102
11.31578947368421
7.0
7.571428571428571
14.076923076923077
12.384615384615385
13.333333333333334
14.282051282051283
13.9
14.282051282051283
14.282051282051283
10.142857142857142
11.392857142857142
11.583333333333334
10.75
13.586206896551724
10.0
10.36111111111111
10.673913043478262
9.8125
10.266666666666667
44.166666666666664
12.441176470588236
23.0
8.4
8.8
8.8
13.139130434782608
12.7
12.94017094017094
12.889830508474576
12.931623931623932
12.717948717948717
12.85344827586207
12.847457627118644
13.025862068965518
12.6890756302521
13.087719298245615
12.355371900826446
12.923076923076923
11.866666666666667
14.5
13.297297297297296
12.692307692307692
12.5
13.105263157894736
8.25
9.666666666666666
11.25
14.2
13.148148148148149
14.333333333333334
11.333333333333334
13.76923076923077
11.529411764705882
13.25
13.75
9.6
12.875
11.72972972972973
10.746835443037975
10.909090909090908
12.941176470588236
11.7
11.545454545454545
9.25
10.0
11.28
11.6
16.2
17.774193548387096
10.035714285714286
13.25
12.701754385964913
17.857142857142858
12.291666666666666
14.75
10.696969696969697
11.3
6.457142857142857
19.55
15.8
14.3
12.021739130434783
12.166666666666666
12.318181818181818
12.272727272727273
10.851851851851851
10.88888888888889
9.4
13.486486486486486
11.479166666666666
14.0
13.0
12.944444444444445
16.142857142857142
12.557142857142857
14.8
14.8
11.8
12.3
13.696428571428571
12.864864864864865
12.64864864864865
10.941176470588236
11.764705882352942
10.333333333333334
10.909090909090908
10.523809523809524
11.7
11.142857142857142
10.347826086956522
10.125
15.11111111111111
11.96551724137931
17.928571428571427
14.714285714285714
15.143478260869566
14.75
11.0
11.625
12.222222222222221
9.722222222222221
7.8
8.666666666666666
11.25
16.25
7.923076923076923
12.666666666666666
12.666666666666666
16.454545454545453
14.0
13.918367346938776
13.583333333333334
14.125
13.23076923076923
6.666666666666667
16.454545454545453
18.88888888888889
11.916666666666666
11.916666666666666
12.25
7.8
11.793103448275861
7.8
25.75
10.461538461538462
11.727272727272727
12.5
12.3
11.727272727272727
14.411764705882353
14.696969696969697
9.692307692307692
11.15
10.75
10.4
11.217391304347826
15.055555555555555
10.08695652173913
14.823529411764707
7.129032258064516
17.75
15.895833333333334
10.285714285714286
12.789473684210526
9.761904761904763
9.411764705882353
15.75
25.4
12.0
13.0
11.818181818181818
12.5
12.833333333333334
11.857142857142858
12.25531914893617
16.3
9.795580110497237
9.75
9.817204301075268
12.288135593220339
25.5
14.029411764705882
14.0
10.830357142857142
14.743589743589743
11.65
12.9
12.0
12.666666666666666
12.105263157894736
11.833333333333334
9.925925925925926
11.666666666666666
11.666666666666666
13.2
10.125
16.0
10.705882352941176
10.129032258064516
13.727272727272727
23.0
11.272727272727273
10.705882352941176
14.142857142857142
16.32
17.08695652173913
9.0
10.588235294117647
10.647058823529411
13.36
10.222222222222221
11.875
7.722222222222222
12.75
12.5
10.7
10.866666666666667
10.666666666666666
9.75
11.5
10.375
13.73076923076923
7.625
11.25
12.588235294117647
13.026315789473685
12.454545454545455
12.658536585365853
15.333333333333334
15.8
12.285714285714286
13.117647058823529
13.117647058823529
13.117647058823529
10.161290322580646
10.0
10.476190476190476
10.523809523809524
10.864406779661017
10.634920634920634
10.5
16.375
12.617021276595745
10.596774193548388
10.557377049180328
10.898305084745763
10.212121212121213
11.087719298245615
9.13
12.12
12.45360824742268
13.155555555555555
9.113924050632912
8.636363636363637
8.590909090909092
11.848484848484848
11.745098039215685
11.85
11.57843137254902
11.52
12.144329896907216
12.0
8.75
14.1
10.384615384615385
18.8
9.5
6.578947368421052
6.7368421052631575
11.682926829268293
12.25
10.777777777777779
10.470588235294118
10.470588235294118
10.470588235294118
10.588235294117647
10.470588235294118
10.588235294117647
10.588235294117647
10.588235294117647
10.588235294117647
10.588235294117647
10.588235294117647
10.588235294117647
10.588235294117647
10.588235294117647
10.470588235294118
11.954545454545455
10.857142857142858
21.476190476190474
12.914893617021276
16.77777777777778
16.666666666666668
20.0
25.8
9.708108108108108
9.71195652173913
19.5
22.11111111111111
19.7
11.23021582733813
11.283582089552239
22.666666666666668
14.222222222222221
16.636363636363637
13.142857142857142
13.692307692307692
12.884615384615385
7.92
7.92
13.914285714285715
14.176470588235293
15.308370044052863
16.178571428571427
14.03125
11.35
13.4
13.2
14.633333333333333
16.0
10.528169014084508
10.397260273972602
10.406896551724138
13.636363636363637
10.430555555555555
4.285714285714286
10.273972602739725
11.0
10.0625
25.0
7.88
10.333333333333334
12.367816091954023
9.703703703703704
8.666666666666666
15.033333333333333
10.384615384615385
10.973684210526315
10.902439024390244
10.5
12.583333333333334
15.142857142857142
17.636363636363637
17.545454545454547
8.964285714285714
17.636363636363637
15.0
17.454545454545453
12.5
13.63888888888889
12.717948717948717
6.2
11.0
12.166666666666666
19.0
18.5
12.18918918918919
19.875
7.28
7.333333333333333
6.862068965517241
9.666666666666666
14.875
16.142857142857142
17.0
15.793103448275861
14.96875
14.029411764705882
12.6
19.857142857142858
11.333333333333334
9.958333333333334
10.26086956521739
12.702702702702704
13.255813953488373
13.297297297297296
10.0
9.875
11.185185185185185
11.133333333333333
12.363636363636363
13.526315789473685
12.642857142857142
11.292134831460674
11.0
10.819148936170214
12.866666666666667
13.666666666666666
11.0
11.166666666666666
15.61111111111111
13.333333333333334
12.23076923076923
12.791666666666666
14.625
11.476744186046512
10.6
16.125
7.333333333333333
16.333333333333332
16.333333333333332
21.0
10.4
18.0
11.1875
16.375
9.692307692307692
9.676923076923076
11.4
15.666666666666666
14.272727272727273
11.32
11.4375
15.363636363636363
12.166666666666666
15.7
11.176470588235293
13.833333333333334
12.666666666666666
10.722222222222221
13.460526315789474
12.38888888888889
11.3
11.25
11.35
11.3
15.04
14.26923076923077
13.428571428571429
12.083333333333334
12.272727272727273
11.36
13.142857142857142
16.64
11.88888888888889
12.194444444444445
12.285714285714286
11.0
12.5
15.833333333333334
11.36
14.891304347826088
14.389473684210527
12.058823529411764
12.75
15.666666666666666
14.6
17.4
8.363636363636363
7.6
10.218181818181819
14.157894736842104
11.25
9.620689655172415
16.0
11.416666666666666
12.416666666666666
13.6
9.6
14.5
11.666666666666666
14.25
14.25
41.333333333333336
13.45
23.789473684210527
20.5
12.526315789473685
21.0
15.125
15.27659574468085
10.6
10.6
18.75
10.6
13.615384615384615
9.46987951807229
13.615384615384615
35.333333333333336
7.8
15.076923076923077
15.36
11.691358024691358
11.841463414634147
15.210526315789474
11.0
10.48
11.115384615384615
11.109756097560975
12.45
12.55
11.133333333333333
13.727272727272727
9.6
13.848101265822784
10.071428571428571
13.8
12.478260869565217
13.444444444444445
12.666666666666666
15.194444444444445
12.73913043478261
11.277777777777779
13.090909090909092
10.333333333333334
10.333333333333334
13.642857142857142
13.5
21.333333333333332
10.5
10.333333333333334
12.0
10.8
10.428571428571429
15.333333333333334
11.428571428571429
10.8
10.25
9.96551724137931
8.8
13.0
14.416666666666666
14.0
10.25
19.5
13.588235294117647
12.666666666666666
13.0
11.0
9.121951219512194
9.307692307692308
12.8
12.8
25.0
10.545454545454545
11.516129032258064
17.833333333333332
9.421052631578947
14.666666666666666
15.636363636363637
20.0
9.8
11.5
11.117647058823529
11.0
11.117647058823529
10.823529411764707
11.0
11.777777777777779
10.857142857142858
10.0
10.357142857142858
10.775
10.162790697674419
13.0
13.631578947368421
13.625
11.6875
12.0
12.666666666666666
9.028571428571428
11.584745762711865
11.5
12.0
14.0
8.857142857142858
13.555555555555555
13.0
11.022727272727273
14.2
10.894736842105264
13.8
8.6
8.8
12.545454545454545
14.666666666666666
12.565217391304348
11.555555555555555
14.2
7.4
14.375
14.25
16.0
14.666666666666666
15.0
15.0
11.16
13.333333333333334
13.166666666666666
16.666666666666668
14.0
12.5
11.333333333333334
12.571428571428571
14.0
12.394366197183098
15.914285714285715
15.36111111111111
11.481481481481481
10.9
10.53061224489796
13.052631578947368
10.695652173913043
10.695652173913043
10.521739130434783
10.217821782178218
12.11111111111111
13.923076923076923
13.923076923076923
9.4
9.433333333333334
11.961538461538462
12.325301204819278
9.181818181818182
10.45
15.571428571428571
11.883720930232558
12.439024390243903
9.404761904761905
10.4375
10.6
12.134615384615385
15.75
13.49056603773585
14.0
11.0
11.826086956521738
12.136363636363637
8.0
7.8
18.25
11.25
12.454545454545455
11.538461538461538
18.862068965517242
18.93548387096774
16.906976744186046
13.833333333333334
16.0
10.9
12.0
12.5
11.2
24.5
13.0
17.333333333333332
16.125
10.8
15.512820512820513
13.25
13.845070422535212
13.35135135135135
13.534246575342467
13.547945205479452
18.333333333333332
18.333333333333332
10.613636363636363
14.88888888888889
16.25
12.076923076923077
11.177777777777777
22.0
11.75
12.666666666666666
15.1
15.790697674418604
16.357142857142858
11.0
13.0
11.5
13.0
10.0
13.324324324324325
11.583333333333334
13.078947368421053
13.378378378378379
13.307692307692308
14.083333333333334
7.9
11.652173913043478
17.666666666666668
13.25
16.0
15.333333333333334
12.0
9.15
12.525
12.268292682926829
12.166666666666666
8.807377049180328
11.875
11.882352941176471
8.25
15.375
9.15
11.15
14.6
6.5
10.30232558139535
13.1
14.11111111111111
12.5
12.6
13.25
12.0
12.0
13.55813953488372
16.46153846153846
11.125
11.125
12.857142857142858
12.785714285714286
13.0
26.866666666666667
15.666666666666666
8.875
16.333333333333332
11.0
12.066666666666666
8.25
13.666666666666666
8.25
24.0
24.6
9.578947368421053
9.153846153846153
25.0
11.045454545454545
11.142857142857142
11.238095238095237
9.274647887323944
9.5
9.25
10.055555555555555
11.666666666666666
6.5
6.631578947368421
14.272727272727273
9.666666666666666
10.666666666666666
10.333333333333334
10.333333333333334
13.625
13.597222222222221
13.928571428571429
12.7
12.7
13.0
9.533333333333333
11.907894736842104
12.12
15.0
14.107142857142858
11.75
10.6
20.833333333333332
8.047619047619047
8.047619047619047
9.285714285714286
5.5
11.203389830508474
11.169491525423728
19.12
10.571428571428571
11.75
16.25
14.777777777777779
14.88888888888889
14.88888888888889
13.214285714285714
13.0
14.826086956521738
10.765432098765432
16.5625
11.495798319327731
11.27450980392157
10.071428571428571
10.0
15.969696969696969
13.82857142857143
10.653846153846153
12.0
10.833333333333334
15.090909090909092
11.454545454545455
15.523809523809524
24.683333333333334
9.68472906403941
9.766169154228855
9.901960784313726
10.06
10.333333333333334
10.454545454545455
10.0
7.583333333333333
12.2
9.706896551724139
9.515151515151516
16.046875
15.095238095238095
14.813953488372093
24.825
14.69767441860465
14.857142857142858
15.292682926829269
14.125
14.904761904761905
13.35135135135135
15.214285714285714
11.8
11.487804878048781
14.0
16.375
12.25
9.875
14.25
12.833333333333334
13.457142857142857
13.3
11.5
13.574074074074074
20.5
13.275
13.35
13.25
10.846153846153847
11.180327868852459
10.093023255813954
17.0
22.8125
11.962962962962964
11.114754098360656
10.967213114754099
11.327586206896552
12.409090909090908
13.05
12.7
13.513513513513514
12.833333333333334
25.4375
14.294117647058824
10.0
8.571428571428571
9.10344827586207
8.883333333333333
12.25
10.466666666666667
9.0
9.2
13.681818181818182
13.05
9.9
10.0
13.681818181818182
19.666666666666668
12.538461538461538
14.133333333333333
11.35
8.571428571428571
15.083333333333334
14.340425531914894
13.125
13.2
12.128205128205128
12.088888888888889
9.314685314685315
13.535714285714286
10.375
9.2
9.2
14.070175438596491
14.40625
10.866666666666667
10.606060606060606
10.323076923076924
9.375886524822695
10.694444444444445
11.666666666666666
10.552941176470588
11.6125
13.823529411764707
13.222222222222221
14.4
10.89655172413793
14.25
14.0
9.442857142857143
13.0
11.2
10.958333333333334
6.857142857142857
12.307692307692308
11.142857142857142
12.5
11.694444444444445
9.307692307692308
16.9375
15.0
9.42142857142857
14.085714285714285
10.894736842105264
11.714285714285714
10.6875
10.636363636363637
9.19047619047619
18.94736842105263
12.326315789473684
11.772727272727273
12.318181818181818
12.8
8.6
10.8125
10.5
10.363636363636363
12.66304347826087
11.333333333333334
11.714285714285714
11.266666666666667
11.333333333333334
11.333333333333334
11.333333333333334
14.26027397260274
14.38888888888889
14.273972602739725
13.25
9.325581395348838
10.113924050632912
12.633333333333333
13.21875
14.047619047619047
10.666666666666666
14.195121951219512
13.44186046511628
10.0
10.341463414634147
11.20754716981132
12.173076923076923
10.84
11.14516129032258
11.914893617021276
12.6
12.571428571428571
12.75
13.75
10.515151515151516
15.5
12.6
14.666666666666666
11.7
11.333333333333334
13.89655172413793
13.0
11.3125
9.526315789473685
12.25
15.833333333333334
14.567049808429118
10.142857142857142
11.64516129032258
12.6
14.951219512195122
10.25
12.6
11.266666666666667
10.20754716981132
10.5
9.256944444444445
11.666666666666666
10.8
13.142857142857142
12.355555555555556
12.065217391304348
9.526315789473685
23.333333333333332
12.80952380952381
10.8
13.15
13.15
11.93939393939394
9.0
13.0
9.846153846153847
10.142857142857142
12.857142857142858
14.75
28.5
15.31578947368421
11.296296296296296
14.538461538461538
13.666666666666666
17.166666666666668
10.875
15.125
16.75
14.36
7.3
9.837837837837839
11.0
9.833333333333334
11.0
15.652173913043478
8.285714285714286
11.777777777777779
6.8
11.923076923076923
8.0
15.527777777777779
15.25
14.921052631578947
11.0
13.666666666666666
14.833333333333334
9.0
9.0
13.1
14.0
12.63276836158192
10.944444444444445
10.403508771929825
12.061224489795919
11.288461538461538
10.470588235294118
12.974358974358974
13.105263157894736
10.8
11.0
13.24731182795699
13.534090909090908
11.2
12.195652173913043
11.125
9.7
10.624277456647398
10.333333333333334
10.758823529411766
8.714285714285714
10.375
10.375
16.608695652173914
14.72
16.25
11.509803921568627
10.773584905660377
5.8
10.222222222222221
10.214285714285714
15.0
10.0
10.2
13.571428571428571
22.137931034482758
11.5
24.566666666666666
24.666666666666668
13.529411764705882
10.666666666666666
10.125
16.829787234042552
12.8
15.5
11.851063829787234
11.8
13.6
10.0
11.454545454545455
12.736842105263158
11.11111111111111
10.555555555555555
22.666666666666668
13.166666666666666
11.923076923076923
8.4
10.4
9.6
11.666666666666666
11.666666666666666
12.973684210526315
13.157894736842104
11.666666666666666
14.416666666666666
12.704545454545455
11.444444444444445
11.416666666666666
13.285714285714286
11.977777777777778
13.378378378378379
12.090909090909092
11.2
13.76056338028169
10.6
14.058823529411764
11.904761904761905
15.0
11.333333333333334
11.619047619047619
12.631578947368421
11.0
9.615384615384615
11.2
15.25
15.375
12.625
12.6875
14.13888888888889
10.5
9.711538461538462
10.88888888888889
15.928571428571429
11.666666666666666
11.192307692307692
13.666666666666666
8.8
19.333333333333332
12.625
20.166666666666668
20.666666666666668
20.666666666666668
13.428571428571429
8.9
7.642857142857143
9.1
6.0
20.666666666666668
9.0
14.875
11.333333333333334
4.0
9.745098039215685
10.565217391304348
17.041666666666668
11.384615384615385
13.487179487179487
9.962962962962964
15.0
10.222222222222221
12.428571428571429
10.148148148148149
15.666666666666666
18.333333333333332
10.142857142857142
8.0
7.0
13.466666666666667
14.75
27.2
10.857142857142858
10.666666666666666
10.555555555555555
11.766666666666667
12.321428571428571
10.838709677419354
15.0
12.05
11.695652173913043
11.863636363636363
12.538461538461538
13.833333333333334
10.75
25.833333333333332
14.096774193548388
15.5
10.478260869565217
21.333333333333332
11.375
11.3125
11.25
9.5
12.333333333333334
10.620689655172415
10.925925925925926
8.85
8.975
8.95
9.128205128205128
13.727272727272727
12.909090909090908
10.666666666666666
13.785714285714286
10.11111111111111
15.416666666666666
15.416666666666666
15.628571428571428
12.15
9.418439716312056
6.63265306122449
6.111111111111111
6.111111111111111
10.333333333333334
10.865384615384615
10.703703703703704
16.73913043478261
13.8
10.4
9.333333333333334
10.4375
10.272727272727273
11.363636363636363
13.285714285714286
13.285714285714286
13.357142857142858
12.428571428571429
12.571428571428571
12.857142857142858
12.823529411764707
12.193548387096774
13.397058823529411
9.6
22.666666666666668
10.037037037037036
10.10204081632653
11.941176470588236
12.117647058823529
14.470588235294118
15.25
13.162162162162161
13.571428571428571
10.7375
11.590361445783133
9.5
9.914893617021276
9.58
14.029411764705882
13.0
11.866666666666667
22.0
13.057692307692308
9.166666666666666
10.142857142857142
11.36111111111111
10.241379310344827
10.258620689655173
9.7
9.4375
9.307692307692308
11.0625
15.25
15.25
13.555555555555555
12.55
12.6
12.047619047619047
12.142857142857142
13.475
12.657894736842104
12.142857142857142
12.317073170731707
13.11111111111111
12.0
12.372093023255815
10.195121951219512
12.285714285714286
14.0
13.818181818181818
13.954545454545455
10.142857142857142
10.290322580645162
13.631578947368421
15.375
10.125
12.458333333333334
12.416666666666666
10.5
13.88888888888889
6.5
14.607142857142858
11.333333333333334
10.571428571428571
10.0
20.666666666666668
11.329268292682928
7.768115942028985
7.923076923076923
9.125
13.909090909090908
15.125
9.5
11.333333333333334
11.333333333333334
11.8
11.333333333333334
11.333333333333334
14.0
14.25
8.622222222222222
24.75
11.0
13.5
9.307692307692308
10.58
10.163636363636364
10.0
10.288461538461538
11.75
10.38888888888889
13.166666666666666
11.470588235294118
9.526315789473685
11.566666666666666
11.636363636363637
13.3
12.868421052631579
11.066666666666666
11.0
9.833333333333334
9.666666666666666
9.833333333333334
9.833333333333334
11.066666666666666
12.24
10.4
10.706521739130435
8.464285714285714
10.1
8.588235294117647
8.588235294117647
15.666666666666666
9.4
14.567049808429118
12.875
14.0
13.88888888888889
14.0
25.6
9.857142857142858
10.592592592592593
10.681818181818182
16.0
10.666666666666666
10.666666666666666
14.714285714285714
12.3
9.507575757575758
9.5
14.38888888888889
12.327102803738319
10.736842105263158
9.333333333333334
14.666666666666666
9.4
11.047058823529412
9.875
9.4
11.035714285714286
14.333333333333334
13.846153846153847
13.875
14.529411764705882
13.944444444444445
14.2
9.247191011235955
10.99090909090909
14.11111111111111
9.5
16.375
10.461538461538462
15.857142857142858
15.5
15.333333333333334
14.88888888888889
14.88888888888889
7.818181818181818
10.083333333333334
12.8
13.0
13.5
13.5
13.545454545454545
12.7
11.458333333333334
11.208333333333334
14.625
6.178571428571429
14.45
12.481481481481481
11.472222222222221
13.777777777777779
11.941176470588236
14.333333333333334
25.1
14.14516129032258
14.96551724137931
14.666666666666666
14.516666666666667
14.694915254237289
14.862068965517242
10.333333333333334
12.8
11.523809523809524
10.91304347826087
9.870967741935484
11.604651162790697
11.604651162790697
11.604651162790697
11.604651162790697
10.882352941176471
10.941176470588236
10.722222222222221
11.714285714285714
14.307692307692308
11.142857142857142
12.714285714285714
13.2
13.35
14.88
13.884615384615385
10.333333333333334
11.0
14.333333333333334
12.166666666666666
12.80952380952381
12.321428571428571
12.522522522522523
12.241228070175438
12.36322869955157
5.931034482758621
12.46938775510204
12.782608695652174
14.696969696969697
10.393617021276595
9.660377358490566
10.368421052631579
10.336842105263157
10.368421052631579
10.393617021276595
11.0
13.866666666666667
13.047619047619047
12.833333333333334
10.923076923076923
10.826923076923077
10.518518518518519
10.857142857142858
10.821428571428571
10.785714285714286
11.6
11.0
18.25
17.166666666666668
8.4
9.24390243902439
9.368794326241135
13.333333333333334
13.416666666666666
5.766666666666667
11.0
12.131578947368421
12.842105263157896
12.947368421052632
13.054054054054054
9.6
16.375
16.375
16.375
16.375
22.4
14.461538461538462
15.25
16.375
18.2
10.611570247933884
13.0
13.529411764705882
13.5
13.625
13.5
8.0
16.444444444444443
12.102564102564102
14.605263157894736
14.605263157894736
8.0
7.8
7.0
11.066666666666666
9.8125
29.48
29.7972972972973
23.4
23.0
30.583333333333332
13.5
14.444444444444445
10.5
12.043478260869565
12.350515463917526
10.545454545454545
14.7
12.666666666666666
10.785714285714286
16.181818181818183
12.078947368421053
12.45
14.938775510204081
15.0
18.0
5.931034482758621
12.513513513513514
9.373239436619718
11.2
25.583333333333332
13.645569620253164
12.5
13.531645569620252
12.894736842105264
13.333333333333334
25.8
22.160714285714285
10.0
8.05
12.4
13.771929824561404
10.5
6.481481481481482
21.0
13.0
8.829787234042554
23.6
7.896551724137931
9.954545454545455
11.37037037037037
10.574074074074074
12.941176470588236
16.25
16.25
10.0
13.857142857142858
15.166666666666666
13.285714285714286
11.4
14.333333333333334
12.25
13.285714285714286
18.333333333333332
14.206896551724139
13.421052631578947
13.052631578947368
15.0
9.125
11.863636363636363
13.0
15.25
12.622448979591837
12.842105263157896
13.142857142857142
13.344444444444445
12.924731182795698
12.0
12.066666666666666
8.833333333333334
14.153846153846153
15.0
11.291666666666666
15.88888888888889
13.055555555555555
11.9
12.405405405405405
12.777777777777779
13.4
13.275
23.75
13.2
14.333333333333334
14.444444444444445
13.777777777777779
13.777777777777779
12.318181818181818
11.923076923076923
13.35
12.64864864864865
12.352941176470589
13.166666666666666
14.875
12.4
16.125
16.125
16.25
16.0
10.571428571428571
11.927536231884059
19.6
18.5
13.5
13.692307692307692
14.777777777777779
11.346666666666666
13.105263157894736
14.114285714285714
13.722222222222221
13.324324324324325
14.057142857142857
13.805555555555555
13.45945945945946
13.432432432432432
12.58974358974359
12.736842105263158
12.794871794871796
10.428571428571429
13.428571428571429
13.571428571428571
14.166666666666666
14.0
19.8
11.333333333333334
31.0
16.4
10.644444444444444
18.68421052631579
12.55
12.25
13.44578313253012
13.454545454545455
11.98989898989899
11.97979797979798
9.872727272727273
10.75
11.878787878787879
12.428571428571429
9.947368421052632
9.789473684210526
13.0
11.0
11.041666666666666
12.9
15.545454545454545
21.5
21.3
21.6
21.4
13.666666666666666
12.819277108433734
25.4
14.575757575757576
13.8
11.285714285714286
11.285714285714286
8.910714285714286
12.25
10.487179487179487
10.675675675675675
15.671641791044776
7.5
15.671641791044776
11.333333333333334
15.671641791044776
15.671641791044776
16.625
9.0
10.954545454545455
12.090909090909092
13.25
12.0
14.042857142857143
12.6
15.0
8.514285714285714
8.514285714285714
13.825
14.102564102564102
13.634615384615385
13.923076923076923
10.655737704918034
8.447619047619048
12.806451612903226
11.942857142857143
12.164179104477611
12.253731343283581
11.08148148148148
9.75
10.580645161290322
8.894736842105264
10.40625
10.966101694915254
9.157894736842104
12.19047619047619
22.791666666666668
11.074074074074074
11.185185185185185
10.964285714285714
11.148148148148149
14.181818181818182
14.5
11.75
13.1
10.524590163934427
10.89655172413793
11.222222222222221
11.228070175438596
23.0
22.25
9.75
12.412698412698413
13.470588235294118
9.375
9.3125
11.727272727272727
14.5625
13.588235294117647
15.666666666666666
10.951219512195122
11.256410256410257
12.114285714285714
13.25
10.210526315789474
9.7
10.210526315789474
9.7
14.0
21.0
11.0
13.216666666666667
13.972477064220184
15.3125
14.268518518518519
13.833333333333334
13.2
10.555555555555555
14.444444444444445
10.727272727272727
23.8
25.0
15.944444444444445
9.166666666666666
14.833333333333334
13.03225806451613
8.333333333333334
12.071428571428571
17.0
14.6
10.4375
11.357142857142858
16.444444444444443
7.0
16.181818181818183
12.0
13.892857142857142
13.428571428571429
14.642857142857142
12.352941176470589
9.2
14.583333333333334
13.821428571428571
9.048780487804878
11.957142857142857
14.0625
13.117647058823529
14.466666666666667
14.333333333333334
21.0
13.666666666666666
14.901408450704226
13.05
9.68
11.6875
10.8
18.3
20.88888888888889
19.789473684210527
31.25
11.674418604651162
12.461538461538462
15.0
14.833333333333334
10.892857142857142
11.037037037037036
11.037037037037036
11.037037037037036
11.074074074074074
11.583333333333334
11.105263157894736
15.0
10.692307692307692
15.430555555555555
10.142857142857142
11.333333333333334
8.037037037037036
23.2
10.833333333333334
12.333333333333334
12.914893617021276
12.586206896551724
13.666666666666666
11.539325842696629
10.653846153846153
10.5
12.0
11.5
14.307692307692308
14.346153846153847
10.083333333333334
13.777777777777779
10.5
10.691176470588236
14.384615384615385
12.2
12.106382978723405
11.73469387755102
11.895833333333334
10.666666666666666
10.352941176470589
12.4
10.208333333333334
12.625
9.76923076923077
11.1
10.521739130434783
15.38888888888889
15.36111111111111
15.5
15.444444444444445
15.36111111111111
15.444444444444445
15.628571428571428
15.444444444444445
15.36111111111111
15.36111111111111
15.305555555555555
9.727272727272727
12.666666666666666
14.9
15.2
10.954545454545455
10.911111111111111
13.2
13.916666666666666
9.88888888888889
14.666666666666666
10.058823529411764
11.0
10.365079365079366
16.0625
12.11111111111111
13.384615384615385
12.928571428571429
13.142857142857142
13.333333333333334
15.0
15.0
12.373390557939913
14.5
14.833333333333334
12.3
14.25
11.485714285714286
12.64
10.304347826086957
12.184782608695652
16.166666666666668
17.136363636363637
11.272727272727273
18.25
16.0
15.375
12.777777777777779
10.461538461538462
10.647058823529411
11.695652173913043
12.0
14.3
9.266666666666667
12.9
11.75
7.666666666666667
15.166666666666666
10.538461538461538
16.652173913043477
13.798045602605864
10.266666666666667
9.933333333333334
10.241379310344827
11.3
23.666666666666668
13.666666666666666
9.833333333333334
13.76923076923077
11.205882352941176
10.777777777777779
10.722222222222221
18.0
17.0
11.484848484848484
14.157377049180328
16.20689655172414
12.64
12.6
12.6
12.68
13.304347826086957
13.391304347826088
8.15625
8.483870967741936
8.15625
14.894736842105264
11.304347826086957
13.0
5.0
5.0
5.0
5.0
5.0
5.0
5.0
15.117647058823529
14.75
17.266666666666666
11.75
9.2
16.806451612903224
16.5
17.3
17.366666666666667
17.533333333333335
10.7
10.6
11.5625
11.46875
11.397590361445783
9.36
8.166666666666666
16.695652173913043
10.548387096774194
11.136363636363637
11.456521739130435
16.838709677419356
10.7
10.0
11.25
9.272727272727273
9.6
14.0
7.714285714285714
11.214285714285714
13.95
14.5
15.25
15.75
15.75
11.333333333333334
9.75
14.25
10.95
10.5
10.514285714285714
12.587301587301587
11.0
12.494623655913978
14.666666666666666
12.590909090909092
18.0
18.225
17.829268292682926
10.4
8.0
10.523076923076923
12.962962962962964
10.9375
12.625
13.142857142857142
11.32
16.0
11.5
9.142857142857142
12.2
8.35483870967742
11.590909090909092
12.0
11.75
11.75
12.166666666666666
15.0
15.8
15.352941176470589
13.4
13.5
28.75
10.87037037037037
7.571428571428571
17.0625
10.392857142857142
12.028571428571428
12.029411764705882
11.777777777777779
10.121212121212121
12.714285714285714
11.636363636363637
12.458333333333334
12.12
9.944444444444445
11.40677966101695
12.972222222222221
13.296296296296296
9.205882352941176
12.4
10.226666666666667
18.5
23.0
11.0
16.083333333333332
16.083333333333332
15.916666666666666
13.833333333333334
13.5
13.75
20.0
20.133333333333333
19.933333333333334
11.285714285714286
20.166666666666668
10.681818181818182
19.933333333333334
10.953488372093023
12.7
10.2
11.935483870967742
11.59375
10.2
21.375
14.666666666666666
13.777777777777779
14.166666666666666
8.9
9.363636363636363
9.4
14.209302325581396
14.172413793103448
13.662921348314606
11.45945945945946
11.652777777777779
10.875
9.661538461538461
14.105263157894736
17.3
10.652173913043478
10.904761904761905
13.96
11.333333333333334
15.076923076923077
10.363636363636363
17.6
17.8
10.142857142857142
12.68421052631579
11.714285714285714
10.142857142857142
9.394366197183098
11.272727272727273
9.427536231884059
9.205479452054794
9.411347517730496
16.0
9.857142857142858
12.666666666666666
13.976190476190476
10.04
11.47191011235955
10.5
10.071428571428571
6.863636363636363
6.930232558139535
12.333333333333334
13.461538461538462
9.701492537313433
13.054054054054054
12.666666666666666
10.0
9.698924731182796
8.142857142857142
22.672727272727272
9.454545454545455
15.844444444444445
17.097560975609756
13.533333333333333
12.391304347826088
8.223684210526315
11.237410071942445
9.571428571428571
12.61111111111111
12.375
11.5
18.59090909090909
18.952380952380953
10.0
9.5
9.450704225352112
14.0
14.846153846153847
17.8
19.692307692307693
7.193548387096774
17.0
17.64516129032258
8.375
8.333333333333334
12.829787234042554
14.5
10.285714285714286
12.833333333333334
14.04
13.692307692307692
11.564102564102564
10.727272727272727
10.546875
5.0
5.75
8.55
10.24
10.761904761904763
10.5
9.625
10.823529411764707
10.354166666666666
13.5
11.357142857142858
11.357142857142858
12.571428571428571
12.846153846153847
9.25
16.8
12.5
12.466666666666667
17.8
11.357142857142858
11.357142857142858
14.529411764705882
14.642857142857142
10.75
12.56
7.6
12.181818181818182
19.0
16.333333333333332
11.813953488372093
31.0
13.236842105263158
13.157894736842104
13.5
16.714285714285715
11.69767441860465
13.0
10.75609756097561
10.475
29.714285714285715
13.2
13.1
9.314685314685315
9.352112676056338
11.962264150943396
12.107692307692307
14.0
15.166666666666666
29.75
11.6
11.44
10.555555555555555
11.6
11.333333333333334
11.0
11.23076923076923
48.5
13.27027027027027
13.0
9.551724137931034
20.333333333333332
10.142857142857142
15.787878787878787
12.785714285714286
11.390243902439025
10.5
9.75
13.0
13.0
11.909090909090908
9.714285714285714
9.80952380952381
19.0
21.0
24.75438596491228
10.113636363636363
10.404761904761905
10.0
17.0
13.884615384615385
9.179487179487179
12.818181818181818
14.1
14.2
13.5
13.666666666666666
14.208333333333334
13.7
13.272727272727273
14.5
10.352941176470589
15.0
14.333333333333334
11.2
9.8
9.9
11.6
11.6
8.571428571428571
13.11111111111111
13.666666666666666
10.837209302325581
14.0
12.333333333333334
12.0
14.4
19.0
11.416666666666666
11.818181818181818
13.342857142857143
16.705882352941178
8.947368421052632
15.6
16.5625
11.911764705882353
13.375
14.88888888888889
14.0
12.2
13.954545454545455
13.75
11.369565217391305
10.805555555555555
19.0
11.823529411764707
18.0
12.105263157894736
11.68421052631579
11.736842105263158
11.3
15.8
12.7
17.375
13.75
13.818181818181818
11.146341463414634
11.210526315789474
14.555555555555555
15.0
24.0
24.0
14.28125
15.2
21.166666666666668
21.166666666666668
21.5
21.333333333333332
21.333333333333332
18.2
10.181818181818182
14.025
13.5
10.571428571428571
14.614583333333334
10.521739130434783
9.1875
8.142857142857142
10.636363636363637
14.857142857142858
18.0
12.75609756097561
9.8
10.916666666666666
11.8
9.5
11.6
16.625
12.3125
11.95
14.666666666666666
16.625
12.153846153846153
14.18918918918919
13.952380952380953
13.857142857142858
9.125
13.928571428571429
11.5
9.625
14.375
24.928571428571427
13.857142857142858
14.615384615384615
12.947368421052632
14.4
15.0
10.235294117647058
10.325
15.4
10.031578947368422
10.8
9.5
11.478260869565217
11.659090909090908
3.1666666666666665
11.704545454545455
9.275
18.75
12.68421052631579
5.0
13.833333333333334
15.071428571428571
10.818181818181818
13.805555555555555
14.028571428571428
13.722222222222221
14.0
13.45945945945946
10.481481481481481
10.296296296296296
12.222222222222221
10.142857142857142
14.852941176470589
16.258064516129032
13.0
13.2
13.727272727272727
10.11111111111111
15.2
9.044444444444444
12.076923076923077
9.149425287356323
10.833333333333334
10.833333333333334
16.666666666666668
16.75
16.0
16.34375
14.333333333333334
16.060606060606062
11.03225806451613
11.277777777777779
15.517241379310345
15.5625
11.1
22.235294117647058
12.428571428571429
14.0
11.25
14.733333333333333
14.833333333333334
22.5
11.541666666666666
11.28
11.826086956521738
11.541666666666666
11.5
11.541666666666666
5.0
8.74074074074074
15.6
15.84375
11.0
10.666666666666666
13.25
19.0
11.0
10.8125
8.368421052631579
8.38888888888889
13.75
11.942857142857143
10.0
10.48611111111111
13.0
14.294117647058824
18.5625
17.166666666666668
13.428571428571429
14.23076923076923
13.5
12.545454545454545
11.842105263157896
11.65
8.666666666666666
15.8
20.166666666666668
20.166666666666668
15.472222222222221
38.6
13.88888888888889
10.62962962962963
19.083333333333332
8.88888888888889
27.433333333333334
12.923076923076923
11.277777777777779
11.764705882352942
14.6
14.2
13.38888888888889
13.657142857142857
11.277777777777779
13.210526315789474
12.325892857142858
13.25
13.25
11.5
12.25
9.5
8.875
8.4
10.5
9.97872340425532
9.387755102040817
9.526315789473685
10.0
10.857142857142858
14.047619047619047
12.0
13.754716981132075
11.333333333333334
12.4
12.0
35.166666666666664
11.777777777777779
17.18918918918919
16.3
12.583333333333334
11.723684210526315
11.050632911392405
13.052631578947368
12.717948717948717
21.0
21.0
21.0
21.0
11.1
14.0
15.5
9.957446808510639
9.5
9.526315789473685
9.4
14.166666666666666
10.703703703703704
13.526315789473685
12.0
10.0
9.333333333333334
14.416666666666666
14.25
13.833333333333334
13.76923076923077
15.827586206896552
14.34375
9.526315789473685
13.0
15.444444444444445
11.552631578947368
11.307692307692308
9.290322580645162
9.857142857142858
15.620689655172415
12.333333333333334
9.75
10.5
15.2
14.666666666666666
9.2
13.25
13.956521739130435
11.814814814814815
11.428571428571429
13.63888888888889
10.629032258064516
13.194444444444445
15.642857142857142
9.916666666666666
14.235294117647058
14.6875
16.727272727272727
9.122222222222222
14.567567567567568
10.073170731707316
12.833333333333334
10.142857142857142
24.77777777777778
16.7
10.297297297297296
12.1
14.555555555555555
12.0
11.5
11.33673469387755
14.121621621621621
13.882352941176471
11.9
11.663900414937759
13.2
11.0
11.886363636363637
25.38095238095238
9.176470588235293
12.280155642023347
7.2
9.8
25.796875
10.0
12.778947368421052
10.5625
10.956521739130435
11.130434782608695
10.096774193548388
17.636363636363637
13.280898876404494
13.296703296703297
13.175824175824175
12.936170212765957
10.142857142857142
14.833333333333334
11.686274509803921
17.681818181818183
11.2
10.0
11.583333333333334
15.333333333333334
23.714285714285715
9.526315789473685
11.404255319148936
9.85
27.857142857142858
14.05
14.0
10.25
15.666666666666666
10.142857142857142
10.083333333333334
10.142857142857142
14.25
14.0
12.23076923076923
10.0
9.333333333333334
10.55084745762712
10.142857142857142
14.0
13.25
27.0
13.473684210526315
11.105263157894736
11.333333333333334
14.24
13.222222222222221
10.409090909090908
16.666666666666668
9.229166666666666
11.818181818181818
10.714285714285714
12.275
9.102564102564102
12.307692307692308
12.26923076923077
12.313725490196079
13.84
10.263157894736842
11.846153846153847
11.6
12.333333333333334
14.814814814814815
10.546938775510204
11.5
11.166666666666666
10.785714285714286
9.542056074766355
9.571428571428571
12.705882352941176
10.1
10.6
10.066666666666666
17.2
11.45
14.909090909090908
14.428571428571429
16.833333333333332
16.083333333333332
19.733333333333334
15.275862068965518
15.5
15.6
19.8
13.3125
19.75
30.82051282051282
15.0
15.615384615384615
15.307692307692308
8.898876404494382
16.5
15.307692307692308
15.692307692307692
15.692307692307692
26.125
16.166666666666668
10.333333333333334
10.0
10.58695652173913
10.565217391304348
10.23404255319149
31.583333333333332
10.827586206896552
11.0
11.4
19.782608695652176
13.46987951807229
12.68421052631579
13.45
16.333333333333332
12.8
14.8
9.975609756097562
10.282051282051283
13.285714285714286
11.191489361702128
11.906976744186046
9.428571428571429
11.883720930232558
13.45
10.115384615384615
15.5
9.666666666666666
14.5
10.444444444444445
8.88888888888889
12.933333333333334
11.666666666666666
9.727272727272727
12.142857142857142
10.142857142857142
10.7
10.166666666666666
13.555555555555555
9.942307692307692
15.46875
14.090909090909092
10.5
13.166666666666666
9.454545454545455
14.36
14.285714285714286
13.375
11.384615384615385
11.986301369863014
11.608108108108109
10.142857142857142
10.142857142857142
10.142857142857142
11.493827160493828
10.142857142857142
10.724137931034482
11.25
11.10344827586207
10.642857142857142
10.413793103448276
13.92
10.142857142857142
16.2
20.4
10.142857142857142
17.666666666666668
25.75
14.395833333333334
14.416666666666666
14.385416666666666
10.142857142857142
23.772727272727273
26.75
25.8
25.7
10.666666666666666
9.285714285714286
11.733333333333333
11.958333333333334
11.222222222222221
11.909090909090908
16.181818181818183
11.875
8.043478260869565
13.125
13.052631578947368
12.820512820512821
12.692307692307692
12.594594594594595
12.337837837837839
9.666666666666666
7.5
12.547085201793722
12.481981981981981
12.612612612612613
16.956521739130434
11.363636363636363
9.6
23.75
13.7
13.7
11.416666666666666
13.7
11.52
11.36
11.44
11.36
11.6
12.5
13.375
13.0
11.75
11.6
11.958333333333334
11.7
15.428571428571429
8.333333333333334
11.5
10.631578947368421
10.473684210526315
9.609756097560975
9.627906976744185
11.8
10.409448818897637
10.393700787401574
10.559055118110237
10.359375
10.052631578947368
13.703703703703704
10.857142857142858
13.703703703703704
10.0
11.625
14.470588235294118
10.825
13.642857142857142
18.333333333333332
14.266666666666667
16.458333333333332
10.583333333333334
13.444444444444445
15.25
13.444444444444445
13.444444444444445
14.75
15.694444444444445
18.166666666666668
12.578947368421053
11.633333333333333
11.541666666666666
14.364583333333334
14.416666666666666
10.992
12.071428571428571
9.86111111111111
10.41891891891892
13.291666666666666
16.0
11.923076923076923
11.76923076923077
18.076923076923077
17.181818181818183
18.2
11.818181818181818
35.625
10.818181818181818
10.653846153846153
37.6
11.96774193548387
15.0
9.96551724137931
12.891891891891891
9.81081081081081
10.875
10.357142857142858
9.978260869565217
10.105263157894736
10.714285714285714
14.666666666666666
14.777777777777779
16.375
14.0
12.9
11.9
24.5
11.734939759036145
11.990196078431373
10.333333333333334
15.5
15.5
11.8
16.6
15.3
16.5
14.0
9.512820512820513
12.666666666666666
14.0
15.125
15.375
14.875
14.882352941176471
13.807339449541285
10.363636363636363
10.393939393939394
12.5
10.333333333333334
8.0
22.5
15.288461538461538
13.666666666666666
12.028571428571428
14.484848484848484
11.722222222222221
12.0
11.857142857142858
9.916666666666666
9.916666666666666
12.222222222222221
11.526315789473685
12.0
11.006269592476489
11.814814814814815
14.5
19.375
16.125
12.666666666666666
15.5
10.6
10.4
12.666666666666666
11.708333333333334
15.4
9.96774193548387
17.25
14.38888888888889
13.35
13.894736842105264
14.333333333333334
15.173913043478262
13.333333333333334
12.090909090909092
13.666666666666666
8.75
14.0
12.2
10.5
15.904761904761905
15.318181818181818
13.452054794520548
10.0
13.470588235294118
12.578947368421053
12.5
8.0
9.461538461538462
9.9375
10.931034482758621
21.666666666666668
12.754098360655737
13.61111111111111
9.476923076923077
10.3
11.75
13.923076923076923
15.222222222222221
24.783333333333335
15.764705882352942
11.93939393939394
11.333333333333334
10.142857142857142
11.515625
13.428571428571429
13.65
9.333333333333334
10.666666666666666
10.0
10.153846153846153
11.783783783783784
12.552631578947368
10.947368421052632
12.81081081081081
17.9
13.157894736842104
15.071428571428571
11.314814814814815
7.8
7.8
18.0
15.833333333333334
12.304347826086957
12.11111111111111
11.775
17.8
16.181818181818183
11.4
11.228070175438596
33.0
36.8
16.0
15.277777777777779
18.0
13.047619047619047
12.083333333333334
14.333333333333334
11.25
16.0
11.181818181818182
10.857142857142858
12.85
6.583333333333333
10.5
15.7
8.8
14.473684210526315
15.76923076923077
17.636363636363637
9.428571428571429
10.666666666666666
10.666666666666666
23.952380952380953
11.625
10.666666666666666
12.571428571428571
13.75
11.3
12.44
12.5
15.882352941176471
10.0
10.333333333333334
10.886363636363637
15.272727272727273
12.5
14.12962962962963
13.142857142857142
11.214285714285714
12.18918918918919
14.025
15.666666666666666
9.75
10.75
7.571428571428571
11.333333333333334
12.846153846153847
13.954545454545455
15.833333333333334
15.6
15.866666666666667
15.766666666666667
16.214285714285715
9.0
13.75
13.078947368421053
14.75
16.180555555555557
16.20138888888889
11.789473684210526
11.789473684210526
15.625
12.6
17.5
16.5
9.0
12.25
13.375
14.588235294117647
8.46875
9.833333333333334
11.16
10.73076923076923
10.96
10.789473684210526
15.135135135135135
12.333333333333334
9.82857142857143
17.19298245614035
9.339285714285714
16.25
20.25
9.384615384615385
10.571428571428571
17.75
18.428571428571427
15.066666666666666
14.571428571428571
10.333333333333334
9.88679245283019
12.333333333333334
24.8
10.0
12.333333333333334
23.806451612903224
24.6
8.357142857142858
17.25
13.333333333333334
13.0
9.938775510204081
15.8
15.8
15.1
10.0
15.6
15.8
13.923076923076923
28.285714285714285
21.818181818181817
14.818181818181818
6.333333333333333
10.9375
10.0
12.472222222222221
17.27777777777778
20.0
11.857142857142858
11.375
16.151515151515152
11.5
14.0
11.666666666666666
9.944444444444445
27.5
11.555555555555555
23.8
21.7
12.448275862068966
19.5
10.826086956521738
10.666666666666666
10.869565217391305
11.181818181818182
11.136363636363637
11.227272727272727
11.227272727272727
10.869565217391305
11.625
24.5
12.666666666666666
11.0
9.342281879194632
9.517241379310345
9.489655172413793
9.387755102040817
9.273333333333333
9.356164383561644
9.39864864864865
9.31081081081081
9.23841059602649
9.24
9.397260273972602
9.394557823129253
12.432432432432432
14.571428571428571
12.625
11.055555555555555
9.076923076923077
14.25
10.272727272727273
10.421875
10.55
12.0
26.0
25.666666666666668
26.0
11.409090909090908
11.772727272727273
11.333333333333334
10.94927536231884
10.933333333333334
13.0
13.333333333333334
11.475409836065573
14.333333333333334
16.217391304347824
14.08695652173913
13.666666666666666
9.0
11.307692307692308
9.333333333333334
11.25
10.588235294117647
10.588235294117647
19.75
11.767441860465116
12.290322580645162
14.9375
15.466666666666667
11.461538461538462
11.41025641025641
6.54054054054054
12.072463768115941
13.2
12.195121951219512
11.813953488372093
9.5
10.425
10.593103448275862
10.843283582089553
11.818181818181818
10.866666666666667
15.135135135135135
11.533333333333333
19.428571428571427
5.8
11.818181818181818
13.0
13.222222222222221
12.35820895522388
12.584615384615384
12.117647058823529
9.8
12.833333333333334
10.704918032786885
10.483333333333333
11.078947368421053
31.642857142857142
14.277777777777779
11.266666666666667
11.266666666666667
10.666666666666666
5.5
12.95
11.214285714285714
24.666666666666668
10.451612903225806
12.75
10.0
10.25
14.5
10.333333333333334
10.857142857142858
13.666666666666666
12.0
12.666666666666666
12.166666666666666
11.333333333333334
18.666666666666668
14.333333333333334
11.333333333333334
9.714285714285714
12.0
11.7
13.114285714285714
13.0
14.0
13.25
6.6
6.6
9.0
9.0
8.75
10.333333333333334
11.666666666666666
11.666666666666666
13.6
12.75
16.75
11.0
12.1
14.214285714285714
12.25
9.272727272727273
10.071428571428571
12.7
18.5
16.294117647058822
16.352941176470587
15.416666666666666
9.737704918032787
12.71875
12.75
13.129032258064516
11.833333333333334
11.014705882352942
13.0625
13.238095238095237
11.333333333333334
15.75
8.857142857142858
7.8
16.09090909090909
20.4
12.1
11.933333333333334
11.4
10.4
12.666666666666666
13.63888888888889
12.0
11.714285714285714
14.703703703703704
14.777777777777779
11.473684210526315
12.222222222222221
11.526315789473685
22.8
13.266666666666667
15.6
15.0
10.10344827586207
16.5
14.5
16.5
16.05263157894737
9.0
13.666666666666666
11.307692307692308
14.88
14.8
14.88
13.923076923076923
13.25
23.625
31.166666666666668
11.869565217391305
11.625
11.956521739130435
10.4
11.666666666666666
13.666666666666666
15.666666666666666
13.8
13.375
13.6875
9.166666666666666
12.666666666666666
11.25
9.5
15.0
11.75
13.0
16.772727272727273
17.227272727272727
36.0
16.347826086956523
16.304347826086957
9.39080459770115
12.694444444444445
12.55
10.653846153846153
20.210526315789473
26.4
21.5
15.25
15.666666666666666
13.88888888888889
15.978494623655914
10.962962962962964
8.0
12.375
10.0
13.071428571428571
10.391304347826088
12.52
13.846153846153847
11.25
10.333333333333334
10.6
11.517241379310345
12.89795918367347
16.75
15.0
12.75
13.011627906976743
13.833333333333334
11.782608695652174
13.076923076923077
12.0
12.416666666666666
9.974358974358974
9.714285714285714
12.85
19.428571428571427
12.307692307692308
10.689361702127659
10.292
10.91139240506329
11.75
11.364035087719298
10.518939393939394
12.423076923076923
13.0
14.653846153846153
14.692307692307692
13.642857142857142
13.714285714285714
13.785714285714286
13.166666666666666
14.9375
11.478260869565217
14.692307692307692
13.58974358974359
13.666666666666666
13.814814814814815
14.72
13.74074074074074
14.26923076923077
13.833333333333334
12.458333333333334
15.666666666666666
13.943396226415095
11.533333333333333
27.916666666666668
11.622222222222222
11.555555555555555
11.479166666666666
11.433333333333334
15.777777777777779
12.735042735042734
12.854700854700855
12.94915254237288
12.0
11.047058823529412
11.376470588235295
11.23913043478261
11.577777777777778
11.772727272727273
12.333333333333334
10.571428571428571
13.741935483870968
10.977777777777778
11.411764705882353
11.86111111111111
13.423076923076923
11.473684210526315
9.633333333333333
10.357142857142858
9.52
12.166666666666666
11.953488372093023
12.214285714285714
11.930232558139535
12.0
11.727272727272727
30.4
16.666666666666668
13.45
13.3
16.727272727272727
16.727272727272727
16.727272727272727
16.727272727272727
9.688073394495413
10.411764705882353
10.585585585585585
12.555555555555555
15.916666666666666
12.425
17.85
11.75
12.736842105263158
12.38
10.5
14.166666666666666
10.647887323943662
13.866666666666667
9.944444444444445
10.444444444444445
13.642857142857142
11.736842105263158
12.076923076923077
12.655462184873949
9.9375
12.764705882352942
13.418181818181818
12.591666666666667
12.823529411764707
12.76271186440678
12.703389830508474
12.85593220338983
12.872881355932204
13.345454545454546
13.058823529411764
13.05
14.083333333333334
13.892857142857142
27.142857142857142
13.117647058823529
13.75
13.117647058823529
11.306666666666667
11.86096256684492
11.968421052631578
14.382352941176471
11.416666666666666
13.942857142857143
15.0
13.405405405405405
23.0
13.513513513513514
22.833333333333332
13.833333333333334
14.411764705882353
13.75
12.714285714285714
12.714285714285714
14.441176470588236
14.411764705882353
16.454545454545453
19.0
19.333333333333332
8.0
13.88888888888889
14.028571428571428
14.028571428571428
14.0
10.0
15.423076923076923
14.264705882352942
13.8
10.425
13.805555555555555
14.461538461538462
11.954545454545455
11.0
9.916666666666666
14.375
13.527777777777779
12.0
11.976744186046512
11.840909090909092
11.930232558139535
11.23404255319149
11.704545454545455
12.0
38.916666666666664
14.666666666666666
13.857142857142858
14.264705882352942
10.153846153846153
11.0
10.289473684210526
14.057142857142857
13.777777777777779
14.057142857142857
14.085714285714285
14.114285714285714
9.2
10.285714285714286
14.441176470588236
13.685714285714285
14.176470588235293
13.914285714285715
14.666666666666666
14.666666666666666
14.085714285714285
10.878048780487806
10.26
13.428571428571429
15.4375
11.923076923076923
11.384615384615385
10.692307692307692
9.6
14.857142857142858
15.8
16.916666666666668
18.666666666666668
13.771428571428572
14.352941176470589
13.472222222222221
13.2
11.4
14.411764705882353
13.914285714285715
14.0
10.5
13.0
13.666666666666666
12.55
14.333333333333334
14.75
14.117647058823529
15.4
13.378378378378379
19.571428571428573
12.75
11.0
13.433962264150944
18.01492537313433
17.545454545454547
17.522727272727273
18.127819548872182
18.259541984732824
23.0
15.222222222222221
15.941176470588236
8.0
12.842105263157896
9.8
9.6
18.8
12.772727272727273
13.54054054054054
14.411764705882353
13.857142857142858
13.805555555555555
13.27027027027027
14.028571428571428
13.378378378378379
13.405405405405405
13.971428571428572
7.75
15.558823529411764
14.714285714285714
12.225
10.619047619047619
12.08695652173913
11.125
11.068181818181818
11.75
14.1
13.86111111111111
9.875
13.157894736842104
8.214285714285714
13.583333333333334
9.125
13.805555555555555
13.18421052631579
9.472602739726028
13.805555555555555
9.335570469798657
19.333333333333332
8.4
13.694444444444445
17.571428571428573
14.411764705882353
9.35135135135135
14.11111111111111
9.335570469798657
14.148148148148149
9.402777777777779
9.472602739726028
11.214285714285714
9.302013422818792
11.910714285714286
14.222222222222221
26.285714285714285
27.285714285714285
11.777777777777779
12.727272727272727
11.150442477876107
10.54054054054054
10.936842105263159
10.44
10.0
11.0
12.23076923076923
11.0
13.571428571428571
10.6
13.833333333333334
10.529411764705882
11.0
11.0
11.56
10.5
12.777777777777779
10.608695652173912
10.565217391304348
10.875
10.5
10.55
13.0625
13.533333333333333
11.333333333333334
22.5
15.4
10.0
11.391304347826088
7.833333333333333
14.11111111111111
8.636363636363637
21.846153846153847
7.833333333333333
7.833333333333333
13.444444444444445
14.375
13.75
13.375
20.916666666666668
20.916666666666668
14.0
20.833333333333332
11.075471698113208
11.705882352941176
21.25
11.842105263157896
13.35135135135135
12.296296296296296
13.105263157894736
17.2
11.841269841269842
12.8
11.909090909090908
12.0
14.85
11.333333333333334
23.666666666666668
17.428571428571427
9.444444444444445
16.434782608695652
9.38888888888889
14.380952380952381
13.409090909090908
13.78048780487805
13.227272727272727
12.0
13.116279069767442
14.761904761904763
13.0
22.5
9.38888888888889
9.444444444444445
10.333333333333334
13.0
13.222222222222221
11.9
31.5
14.038461538461538
11.285714285714286
11.2
16.8
11.10126582278481
12.929824561403509
8.357142857142858
12.625
11.428571428571429
10.5
10.055555555555555
10.9
11.657142857142857
11.052631578947368
11.444444444444445
11.210526315789474
13.125
19.666666666666668
11.394366197183098
16.818181818181817
17.9
15.3
13.428571428571429
11.045454545454545
11.136363636363637
14.461538461538462
10.2
12.571428571428571
10.833333333333334
11.615384615384615
12.333333333333334
12.066666666666666
15.23076923076923
10.681818181818182
16.0
13.6
13.6
14.05
13.333333333333334
14.0
11.214285714285714
15.472222222222221
10.055555555555555
10.055555555555555
11.147058823529411
10.333333333333334
14.026315789473685
8.771428571428572
14.961538461538462
13.6
11.25
11.25
12.08
15.23076923076923
9.05
10.526315789473685
10.368421052631579
13.782608695652174
15.615384615384615
16.818181818181817
11.895348837209303
12.380952380952381
10.285714285714286
12.857142857142858
15.305555555555555
10.428571428571429
9.4
11.5
13.444444444444445
10.125
11.4
11.2
10.35
13.5
11.016666666666667
16.0
12.333333333333334
11.432432432432432
10.142857142857142
14.333333333333334
12.333333333333334
13.615384615384615
14.666666666666666
8.333333333333334
14.275862068965518
13.903225806451612
20.894117647058824
18.0
15.8
11.608695652173912
10.2
15.666666666666666
12.411764705882353
11.755555555555556
10.5
18.714285714285715
17.59090909090909
8.0
18.0625
11.73913043478261
13.11111111111111
12.604166666666666
10.142857142857142
26.0
22.0
10.4
11.386666666666667
9.75
11.808219178082192
11.454545454545455
10.65725806451613
10.142857142857142
9.666666666666666
9.333333333333334
9.833333333333334
9.578947368421053
9.23076923076923
9.583333333333334
11.681818181818182
11.681818181818182
12.553763440860216
11.962962962962964
11.0
11.195121951219512
12.602150537634408
21.166666666666668
12.9
12.866666666666667
12.16
12.12
15.166666666666666
11.428571428571429
16.5
11.684647302904564
11.698347107438016
15.916666666666666
11.0
11.608870967741936
11.923728813559322
9.5
11.666666666666666
15.1875
11.583333333333334
8.76923076923077
13.058823529411764
15.666666666666666
13.45945945945946
13.736842105263158
14.852941176470589
12.0
13.628571428571428
14.289473684210526
8.615384615384615
8.615384615384615
8.615384615384615
11.0
11.0
12.7
13.25
9.6875
11.471428571428572
12.666666666666666
14.0
13.75
11.777777777777779
15.5
10.368421052631579
11.546666666666667
9.8
10.461538461538462
10.411764705882353
14.0
10.083333333333334
9.588235294117647
11.36
16.75
10.285714285714286
17.181818181818183
16.818181818181817
17.363636363636363
10.11111111111111
11.6
10.055555555555555
14.3
16.583333333333332
13.049180327868852
22.25
13.88888888888889
10.5
10.055555555555555
13.0
13.75
10.142857142857142
15.666666666666666
10.055555555555555
10.055555555555555
10.055555555555555
10.055555555555555
8.4375
10.055555555555555
9.521739130434783
10.130434782608695
15.23076923076923
9.411764705882353
15.285714285714286
10.0625
13.25
13.3
16.233333333333334
13.305555555555555
13.083333333333334
9.923076923076923
15.916666666666666
12.810344827586206
15.833333333333334
15.5
15.5
15.5
10.0
11.5
10.666666666666666
13.458515283842795
12.518987341772151
13.972222222222221
11.675
16.333333333333332
9.84375
15.0
14.333333333333334
15.5
11.428571428571429
11.428571428571429
11.428571428571429
11.833333333333334
11.571428571428571
12.166666666666666
23.4
10.476190476190476
11.857142857142858
9.368421052631579
9.74468085106383
9.266666666666667
9.277777777777779
10.142857142857142
9.866666666666667
9.344827586206897
9.32183908045977
9.430232558139535
9.372093023255815
13.058823529411764
13.041666666666666
11.428571428571429
16.12
6.75
12.8
11.821428571428571
9.636363636363637
10.115942028985508
10.903225806451612
11.808988764044944
12.0
13.378378378378379
15.626168224299066
10.04
9.653846153846153
10.071428571428571
13.714285714285714
18.714285714285715
13.81081081081081
15.708333333333334
10.571428571428571
12.777777777777779
12.222222222222221
10.666666666666666
12.25
11.75
11.75
11.918367346938776
9.95
10.38888888888889
10.333333333333334
10.38888888888889
10.166666666666666
10.333333333333334
13.11111111111111
14.777777777777779
11.620408163265306
13.185185185185185
12.736842105263158
13.833333333333334
13.875
12.902777777777779
10.91304347826087
11.0
10.354166666666666
12.7
14.055555555555555
15.0
14.875
14.75
9.5
24.416666666666668
24.466666666666665
10.590909090909092
24.483333333333334
11.782608695652174
11.2
18.0
18.142857142857142
18.0
13.12396694214876
10.106060606060606
12.666666666666666
11.842105263157896
14.88888888888889
15.0
14.88888888888889
11.895833333333334
13.5
9.0
8.928571428571429
9.0
11.357142857142858
15.277777777777779
12.166666666666666
18.75
10.083333333333334
9.95
10.833333333333334
10.580645161290322
6.0
13.517857142857142
12.080808080808081
11.307692307692308
10.074074074074074
10.709090909090909
12.46
12.49
12.54
10.528301886792454
11.270142180094787
16.857142857142858
11.5
12.5
24.85
11.864864864864865
14.88888888888889
10.028571428571428
9.283950617283951
14.88888888888889
15.40983606557377
15.258064516129032
14.968253968253968
15.161290322580646
15.19047619047619
14.765625
15.516129032258064
14.921875
13.885714285714286
15.25
15.125
14.264705882352942
14.470588235294118
14.606060606060606
15.1875
14.909090909090908
16.714285714285715
16.571428571428573
11.863636363636363
22.5
11.833333333333334
15.043478260869565
14.04
26.857142857142858
12.363636363636363
13.3
13.631578947368421
13.507042253521126
17.666666666666668
10.858823529411765
11.508333333333333
18.727272727272727
20.42105263157895
11.825396825396826
11.5625
15.666666666666666
4.0
14.03448275862069
10.152173913043478
10.451612903225806
14.11111111111111
8.5
10.830508474576272
10.913793103448276
15.11111111111111
11.462962962962964
11.309090909090909
12.583333333333334
12.2
14.75
12.5
11.067796610169491
12.875
12.619047619047619
9.625
13.05
9.666666666666666
27.0
13.1
13.526315789473685
13.3
11.923076923076923
19.833333333333332
13.425531914893616
14.95
11.733333333333333
9.222222222222221
9.406976744186046
10.774193548387096
10.741379310344827
9.75
12.305970149253731
12.308270676691729
22.833333333333332
11.568181818181818
10.384615384615385
11.857142857142858
12.95
13.75
13.555555555555555
11.434782608695652
11.391304347826088
13.076923076923077
12.12
11.333333333333334
12.272727272727273
11.166666666666666
10.461538461538462
12.181818181818182
12.181818181818182
11.333333333333334
11.333333333333334
14.555555555555555
14.666666666666666
14.666666666666666
14.555555555555555
13.947368421052632
15.666666666666666
10.396825396825397
11.100719424460431
11.4
13.970149253731343
15.125
12.333333333333334
11.055555555555555
11.333333333333334
13.0
5.0
12.0
14.0
14.166666666666666
5.0
14.0
24.333333333333332
11.0
8.333333333333334
11.25
11.666666666666666
11.0
12.0
14.0
25.666666666666668
12.333333333333334
9.133333333333333
11.333333333333334
17.75
11.151515151515152
11.5
13.0
11.916666666666666
12.0
5.8
14.0
16.333333333333332
16.0
13.5
10.555555555555555
11.176470588235293
10.923076923076923
10.436363636363636
15.36111111111111
9.16
12.119047619047619
11.384615384615385
10.086614173228346
15.222222222222221
11.1875
12.461538461538462
15.4
13.914285714285715
15.3
10.272727272727273
9.833333333333334
8.0
11.833333333333334
10.9375
10.875
12.0
12.488372093023257
13.272727272727273
13.914285714285715
13.0
18.0
9.818181818181818
10.652542372881356
13.208333333333334
27.483870967741936
12.391304347826088
12.304347826086957
15.964285714285714
12.7
14.114285714285714
13.777777777777779
15.058823529411764
10.109375
15.045454545454545
16.4
9.75
24.333333333333332
25.333333333333332
13.647058823529411
15.25
12.666666666666666
18.6
12.735294117647058
11.72972972972973
13.083333333333334
13.542168674698795
11.833333333333334
12.666666666666666
18.142857142857142
12.333333333333334
12.5
10.333333333333334
11.666666666666666
13.333333333333334
14.0
13.0
13.777777777777779
12.947368421052632
10.5
14.5
12.2
11.5
10.75
11.5
19.0
14.2
10.142857142857142
12.0
12.61111111111111
12.666666666666666
11.68421052631579
13.5625
11.789473684210526
12.166666666666666
16.6
11.222222222222221
13.0
14.4
9.363636363636363
15.625
7.8
9.367816091954023
9.372093023255815
12.5
14.521739130434783
10.923076923076923
13.052631578947368
13.923076923076923
16.20138888888889
16.22222222222222
11.833333333333334
12.166666666666666
12.333333333333334
15.666666666666666
11.782608695652174
11.869565217391305
26.0
10.15929203539823
10.429752066115702
10.140625
15.545454545454545
11.8
11.6
11.6
9.105263157894736
9.052631578947368
9.157894736842104
11.137931034482758
14.0
9.806451612903226
9.966666666666667
9.666666666666666
13.742424242424242
9.9
12.9
12.272727272727273
14.625
15.5
11.228571428571428
11.529411764705882
11.029850746268657
15.0
15.333333333333334
14.0
15.75
36.42857142857143
36.285714285714285
10.4
17.058823529411764
11.585365853658537
14.044444444444444
11.142857142857142
16.21527777777778
16.23611111111111
16.256944444444443
16.104166666666668
16.385714285714286
12.380952380952381
13.541666666666666
16.5
14.777777777777779
25.1
10.675324675324676
12.363636363636363
12.333333333333334
9.956521739130435
13.283018867924529
13.0
19.25
11.88
25.0
16.46153846153846
13.466666666666667
19.0
13.333333333333334
11.035714285714286
12.23076923076923
22.0
12.23076923076923
10.055555555555555
10.055555555555555
10.055555555555555
10.055555555555555
10.055555555555555
10.055555555555555
10.055555555555555
